432 12345
1008 10827
1588 68265
1588 97013
2102 83224
2739 89206
3903 21588
3903 24601
3903 73981
4582 68491
8639 12345
8639 12345
9061 3903
9061 3903
9199 90999
9936 42482
10827 2739
10827 98582
11454 24601
11454 74568
12345 1588
12345 8639
12345 8639
12345 13544
12345 14644
12345 22696
12345 24601
12345 24601
12345 29022
12345 31345
12345 35708
12345 47634
12345 47634
12345 52378
12345 55319
12345 61247
12345 77476
12345 81734
12345 86236
12345 96256
13274 52906
13534 13534
13534 20757
13544 12345
18299 80399
21588 50718
21588 50718
21588 73981
21731 24601
22241 45295
22696 24601
22926 59490
22986 432
23815 32231
24601 3903
24601 11454
24601 12345
24601 21090
24601 22986
24601 29022
24601 29022
24601 31345
24601 31788
24601 44591
24601 45835
24601 45835
24601 53936
24601 57254
24601 58431
24601 62306
24601 64583
24601 67949
24601 67949
24601 74568
24601 74577
24601 76712
26273 80295
26362 68491
26657 12345
29022 24601
29022 74570
30026 12345
31345 24601
31345 87525
31439 98582
31788 32231
32231 32231
32231 80033
39637 52906
39873 85455
42482 22926
44355 32231
44438 58431
44865 52906
45835 24601
45835 24601
46544 10827
47634 12345
47634 12345
47634 86236
50718 21588
50718 21588
52378 12345
57254 9061
57254 52906
58431 44438
58594 72811
59490 9199
59743 68265
61054 12345
62306 73263
64583 24601
67949 12345
68265 1588
68265 18299
68491 24601
70592 85455
72811 74654
73263 24601
73263 97784
73263 97784
73981 82875
74053 2102
74568 11454
74568 71660
74654 58594
76712 24601
76712 24627
77476 26657
80033 24601
80045 74053
80295 26273
80399 12345
81734 12345
81734 12345
82875 3903
84726 12345
85455 70592
85455 70592
85455 85455
86236 47634
86620 31439
87525 21731
89206 86620
90999 22926
96256 45835
97013 80399
97784 73263
98582 10827
98582 80045
